a)  L1 db 0
    mov eax, L1

eax = | 0   0   0   0   0   0   0   0   0   0   0   0   0   0   0   0   0   0   0   0   0   0   0   0   0   0   0   0   0   0   0   0
        1   2   3   4   5   6   7   8   9   10  11  12  13  14  15  16  17  18  19  20  21  22  23  24  25  26  27  28  29  30  31  32


b)  L6 db 18h
    mov eax, [L6]
    add eax, [L6]

mov eax, [L6]
eax = |                                                                                                                         1   8
        1   2   3   4   5   6   7   8   9   10  11  12  13  14  15  16  17  18  19  20  21  22  23  24  25  26  27  28  29  30  31  32

add eax, [L6]
eax = |                                                                                                                         2   F
        1   2   3   4   5   6   7   8   9   10  11  12  13  14  15  16  17  18  19  20  21  22  23  24  25  26  27  28  29  30  31  32


c)  L1 dd 1Ah
    mov AL, [L1]

eax = |                                                                                                 0   0   0   0   0   0   0   1
        1   2   3   4   5   6   7   8   9   10  11  12  13  14  15  16  17  18  19  20  21  22  23  24  25  26  27  28  29  30  31  32


d)  mov ax, 5h
    shl ax, 1
    shr ax, 1

mov ax, 5h
eax = |                                                             0   0   0   0   0   0   0   0   0   0   0   0   0   0   0   0   5
        1   2   3   4   5   6   7   8   9   10  11  12  13  14  15  16  17  18  19  20  21  22  23  24  25  26  27  28  29  30  31  32

shl ax, 1
eax = |                                                             0   0   0   0   0   0   0   0   0   0   0   0   0   0   0   5   0
        1   2   3   4   5   6   7   8   9   10  11  12  13  14  15  16  17  18  19  20  21  22  23  24  25  26  27  28  29  30  31  32
shiftea a izquierda todo el registro ax un bit, es decir mueve el 5 un bit a la izquierda y trae un cero a la derecha

shr ax, 1
eax = |                                                             0   0   0   0   0   0   0   0   0   0   0   0   0   0   0   0   0
        1   2   3   4   5   6   7   8   9   10  11  12  13  14  15  16  17  18  19  20  21  22  23  24  25  26  27  28  29  30  31  32
shiftea a derecha todo el registro ax un bit, es decir tira el 5 un bit a la derecha y trae un cero a la izquierda


e)  mov ax, 0110b
    rol ax, 1
    ror ax, 2

mov ax, 0110b
eax = |                                                             0   0   0   0   0   0   0   0   0   0   0   0   0   0   1   1   0
        1   2   3   4   5   6   7   8   9   10  11  12  13  14  15  16  17  18  19  20  21  22  23  24  25  26  27  28  29  30  31  32

rol ax, 1
eax = |                                                             0   0   0   0   0   0   0   0   0   0   0   0   0   1   1   0   0
        1   2   3   4   5   6   7   8   9   10  11  12  13  14  15  16  17  18  19  20  21  22  23  24  25  26  27  28  29  30  31  32

ror ax, 2
eax = |                                                             0   0   0   0   0   0   0   0   0   0   0   0   0   0   0   1   1
        1   2   3   4   5   6   7   8   9   10  11  12  13  14  15  16  17  18  19  20  21  22  23  24  25  26  27  28  29  30  31  32
